$keys right_lid_raiser left_lid_raiser right_lid_tightener left_lid_tightener right_lid_droop left_lid_droop right_lid_closer left_lid_closer half_closed blink right_inner_raiser left_inner_raiser right_outer_raiser left_outer_raiser right_lowerer left_lowerer right_cheek_raiser left_cheek_raiser wrinkler dilator right_upper_raiser left_upper_raiser right_corner_puller left_corner_puller right_corner_depressor left_corner_depressor chin_raiser right_part left_part right_puckerer left_puckerer right_funneler left_funneler right_stretcher left_stretcher bite presser tightener jaw_clencher jaw_drop right_mouth_drop left_mouth_drop sneer_left right_dimpler left_dimpler right_cheek_puffer left_cheek_puffer mouth_sideways jaw_sideways lip_bite lower_lip head_updown
$hasweighting
"Smile_01" "_" 0.000 0.000 0.000 0.000 0.345 1.000 0.345 1.000 0.000 0.000 0.000 0.000 0.000 0.000 0.000 0.000 0.000 0.000 0.000 0.000 0.565 1.000 0.360 1.000 0.795 1.000 0.388 1.000 0.175 1.000 0.170 1.000 0.460 1.000 0.460 1.000 0.000 1.000 0.000 0.000 0.268 1.000 0.268 1.000 0.652 1.000 0.652 1.000 0.000 1.000 0.000 1.000 0.054 1.000 0.220 1.000 0.220 1.000 0.000 0.000 0.000 0.000 0.000 0.000 0.000 0.000 0.000 0.000 0.000 0.000 0.000 0.000 0.000 0.000 0.000 0.000 0.000 0.000 0.000 0.000 0.000 0.000 0.000 0.000 0.000 0.000 0.000 0.000 0.000 0.000 0.000 0.000 0.000 0.000 0.000 0.000 0.000 0.000 0.000 0.000 0.000 0.000 0.000 0.000 "Smile_01"
"Smile_02" "_" 0.000 0.000 0.000 0.000 0.000 0.000 0.000 0.000 0.000 0.000 0.000 0.000 0.000 0.000 0.000 0.000 0.000 0.000 0.000 0.000 0.200 1.000 0.200 1.000 0.180 1.000 0.180 1.000 0.000 1.000 0.000 1.000 0.780 1.000 0.780 1.000 0.000 1.000 0.000 0.000 0.000 1.000 0.000 1.000 1.000 1.000 1.000 1.000 0.000 0.000 0.000 0.000 0.000 1.000 0.640 1.000 0.640 1.000 0.000 0.000 0.000 0.000 0.000 0.000 0.000 0.000 0.000 0.000 0.000 0.000 0.000 0.000 0.000 0.000 0.000 0.000 0.000 1.000 0.000 0.000 0.000 0.000 0.000 0.000 0.000 0.000 0.000 1.000 0.000 1.000 0.000 0.000 0.000 0.000 0.000 0.000 0.000 0.000 0.000 0.000 0.080 1.000 0.000 0.000 "Smile_02"
"Smile_03" "_" 0.000 1.000 0.000 1.000 0.060 1.000 0.060 1.000 0.000 0.000 0.000 0.000 0.000 0.000 0.000 0.000 0.000 0.000 0.000 1.000 0.139 1.000 0.128 1.000 0.570 1.000 0.474 1.000 0.000 1.000 0.000 1.000 1.000 1.000 1.000 1.000 0.380 1.000 0.000 0.000 0.240 1.000 0.240 1.000 1.000 1.000 1.000 1.000 0.000 1.000 0.000 1.000 0.000 1.000 0.780 1.000 0.780 1.000 0.000 0.000 0.000 0.000 0.000 0.000 0.000 0.000 0.000 1.000 0.000 1.000 0.000 1.000 0.000 1.000 0.000 1.000 1.000 1.000 0.000 1.000 0.000 0.000 0.000 0.000 0.000 0.000 0.000 1.000 0.000 1.000 0.000 1.000 0.000 1.000 0.000 0.000 0.000 0.000 0.090 1.000 0.018 1.000 0.000 0.000 "Smile_03"
"serious_1" "_" 0.000 0.000 0.000 0.000 0.799 1.000 0.799 1.000 0.000 0.000 0.000 0.000 0.000 1.000 0.000 1.000 0.000 0.000 0.000 1.000 0.130 1.000 0.130 1.000 0.000 1.000 0.000 1.000 0.750 1.000 0.720 1.000 0.000 1.000 0.000 1.000 0.000 1.000 0.000 1.000 0.000 1.000 0.000 1.000 0.000 1.000 0.000 1.000 0.261 1.000 0.261 1.000 0.391 1.000 0.000 1.000 0.000 1.000 0.000 1.000 0.000 1.000 0.000 1.000 0.000 1.000 0.000 1.000 0.000 1.000 0.000 1.000 0.000 1.000 0.000 1.000 0.420 1.000 0.000 1.000 0.000 1.000 0.000 1.000 0.000 0.000 0.000 1.000 0.000 1.000 0.000 0.000 0.000 0.000 0.000 0.000 0.000 0.000 0.000 1.000 0.000 1.000 0.000 1.000 "serious1"
"Serious_02" "_" 0.000 0.000 0.000 0.000 0.540 1.000 0.540 1.000 0.000 0.000 0.000 0.000 0.000 1.000 0.000 1.000 0.000 0.000 0.000 1.000 0.000 1.000 0.000 1.000 0.000 1.000 0.000 1.000 0.700 1.000 0.676 1.000 0.000 1.000 0.000 1.000 0.000 1.000 0.000 1.000 0.000 1.000 0.000 1.000 0.000 1.000 0.000 1.000 0.000 1.000 0.000 1.000 0.390 1.000 0.000 1.000 0.000 1.000 0.000 1.000 0.000 1.000 0.000 1.000 0.000 1.000 0.000 1.000 0.000 1.000 0.000 1.000 0.000 1.000 0.000 1.000 0.000 1.000 0.000 1.000 0.000 1.000 0.000 1.000 0.000 0.000 0.000 1.000 0.000 1.000 0.000 0.000 0.000 0.000 0.000 0.000 0.000 0.000 0.000 1.000 0.000 1.000 0.000 0.000 "Serious_02"
"Angry_01" "_" 0.000 0.000 0.000 0.000 0.730 1.000 0.730 1.000 0.000 0.000 0.000 0.000 0.000 0.000 0.000 0.000 0.000 0.000 0.000 0.000 0.010 1.000 0.010 1.000 0.080 1.000 0.080 1.000 0.930 1.000 0.895 1.000 0.540 1.000 0.540 1.000 0.410 1.000 0.000 0.000 0.390 1.000 0.390 1.000 0.000 1.000 0.000 1.000 0.590 1.000 0.590 1.000 0.380 1.000 0.000 1.000 0.000 1.000 0.000 0.000 0.000 0.000 0.000 0.000 0.000 0.000 0.000 0.000 0.000 0.000 0.000 0.000 0.000 1.000 0.000 0.000 0.000 0.000 0.000 0.000 0.000 0.000 0.000 0.000 0.000 0.000 0.450 1.000 0.450 1.000 0.000 0.000 0.000 0.000 0.000 0.000 0.000 0.000 0.000 0.000 0.000 1.000 0.000 0.000 "Angry_01"
"Angry_02" "_" 0.000 0.000 0.000 0.000 1.000 1.000 1.000 1.000 0.000 0.000 0.000 0.000 0.000 0.000 0.000 0.000 0.000 0.000 0.000 0.000 0.000 1.000 0.000 1.000 0.000 1.000 0.000 1.000 1.000 1.000 0.955 1.000 0.390 1.000 0.390 1.000 1.000 1.000 0.000 0.000 0.310 1.000 0.310 1.000 0.000 1.000 0.000 1.000 1.000 1.000 1.000 1.000 0.510 1.000 0.000 1.000 0.000 1.000 0.000 0.000 0.000 0.000 0.000 0.000 0.000 0.000 0.500 1.000 0.500 1.000 0.000 1.000 0.230 1.000 0.000 0.000 1.000 1.000 0.000 0.000 0.000 0.000 0.000 0.000 0.000 1.000 0.290 1.000 0.290 1.000 0.000 0.000 0.000 0.000 0.000 0.000 0.380 1.000 0.000 1.000 0.000 1.000 0.000 0.000 "Angry_02"
"Angry_Pain_01" "_" 0.000 0.000 0.000 0.000 1.000 1.000 1.000 1.000 0.000 0.000 0.000 0.000 0.060 1.000 0.060 1.000 0.000 0.000 0.000 1.000 0.000 1.000 0.000 1.000 0.000 1.000 0.000 1.000 1.000 1.000 0.982 1.000 1.000 1.000 1.000 1.000 1.000 1.000 0.000 1.000 0.390 1.000 0.390 1.000 0.000 1.000 0.000 1.000 0.590 1.000 0.590 1.000 0.000 1.000 0.190 1.000 0.190 1.000 0.000 1.000 0.000 1.000 0.000 1.000 0.000 1.000 0.000 1.000 0.000 1.000 0.000 1.000 0.000 1.000 0.000 0.000 1.000 1.000 0.000 1.000 0.000 1.000 0.000 1.000 0.000 0.000 0.340 1.000 0.340 1.000 0.000 0.000 0.000 0.000 0.000 0.000 0.000 0.000 0.570 1.000 0.560 1.000 0.000 0.000 "Angry_Pain_01"
"Angry_Pain_02" "_" 0.000 0.000 0.000 0.000 1.000 1.000 1.000 1.000 0.000 0.000 0.000 0.000 0.033 1.000 0.033 1.000 0.000 0.000 0.000 1.000 0.000 1.000 0.000 1.000 0.000 1.000 0.000 1.000 1.000 1.000 0.983 1.000 1.000 1.000 1.000 1.000 1.000 1.000 0.000 1.000 0.280 1.000 0.280 1.000 0.000 1.000 0.000 1.000 0.290 1.000 0.290 1.000 0.450 1.000 0.460 1.000 0.460 1.000 0.000 1.000 0.000 1.000 0.000 1.000 0.000 1.000 0.390 1.000 0.390 1.000 0.200 1.000 1.000 1.000 0.310 1.000 1.000 1.000 0.000 1.000 0.000 1.000 0.000 1.000 0.000 0.000 1.000 1.000 1.000 1.000 0.000 0.000 0.000 0.000 0.000 0.000 0.000 0.000 0.000 1.000 1.000 1.000 0.000 0.000 "Angry_Pain_02"
"Worry_01" "_" 0.000 0.000 0.000 0.000 1.000 1.000 1.000 1.000 0.000 0.000 0.000 0.000 0.026 1.000 0.026 1.000 0.000 0.000 0.000 1.000 0.792 1.000 0.800 1.000 0.000 1.000 0.000 1.000 1.000 1.000 0.987 1.000 0.000 1.000 0.000 1.000 1.000 1.000 0.000 1.000 0.280 1.000 0.280 1.000 0.000 1.000 0.000 1.000 0.290 1.000 0.290 1.000 0.150 1.000 1.000 1.000 1.000 1.000 0.000 1.000 0.000 1.000 0.000 1.000 0.000 1.000 0.390 1.000 0.390 1.000 0.290 1.000 0.000 1.000 0.310 1.000 0.000 1.000 0.000 1.000 0.000 1.000 0.000 1.000 0.000 0.000 0.410 1.000 0.410 1.000 0.000 0.000 0.000 0.000 0.000 0.000 0.000 0.000 0.000 1.000 0.000 1.000 0.000 0.000 "Worry_01"
"Smile_04" "_" 0.000 0.000 0.000 0.000 1.000 1.000 1.000 1.000 0.000 0.000 0.000 0.000 0.000 1.000 0.000 1.000 0.000 0.000 0.000 1.000 0.360 1.000 0.360 1.000 0.700 1.000 0.462 1.000 0.780 1.000 0.765 1.000 0.760 1.000 0.640 1.000 0.240 1.000 0.000 1.000 0.000 1.000 0.000 1.000 1.000 1.000 0.955 1.000 0.000 1.000 0.000 1.000 0.140 1.000 0.000 1.000 0.000 1.000 0.000 1.000 0.000 1.000 0.000 1.000 0.000 1.000 0.000 1.000 0.000 1.000 0.000 1.000 0.360 1.000 0.000 1.000 0.000 1.000 0.000 1.000 0.000 1.000 0.000 1.000 0.000 0.000 0.000 1.000 0.000 1.000 0.000 0.000 0.000 0.000 0.034 1.000 0.011 1.000 0.000 1.000 0.000 1.000 0.000 0.000 "Smile_04 serious"
"Serious_03" "_" 0.230 1.000 0.230 1.000 0.250 1.000 0.250 1.000 0.000 0.000 0.000 0.000 0.000 0.000 0.000 0.000 0.000 0.000 0.000 0.000 0.180 1.000 0.180 1.000 0.000 1.000 0.000 1.000 0.780 1.000 0.736 1.000 0.220 1.000 0.220 1.000 0.050 1.000 0.000 0.000 0.000 1.000 0.000 1.000 0.000 0.000 0.000 0.000 0.440 1.000 0.440 1.000 0.270 1.000 0.000 1.000 0.000 1.000 0.000 0.000 0.000 0.000 0.000 0.000 0.000 0.000 0.200 1.000 0.200 1.000 0.000 0.000 0.180 1.000 0.000 0.000 0.460 1.000 0.000 0.000 0.000 0.000 0.000 0.000 0.000 0.000 0.370 1.000 0.370 1.000 0.000 0.000 0.000 0.000 0.000 0.000 0.000 0.000 0.000 0.000 0.000 0.000 0.000 0.000 "Serious_03"
"Smile_05" "_" 0.000 1.000 0.000 1.000 0.000 1.000 0.000 1.000 0.000 0.000 0.000 0.000 0.000 0.000 0.000 0.000 0.000 0.000 0.000 0.000 0.059 1.000 0.059 1.000 0.079 1.000 0.079 1.000 0.000 1.000 0.000 1.000 0.415 1.000 0.415 1.000 0.198 1.000 0.000 0.000 0.049 1.000 0.049 1.000 0.366 1.000 0.301 1.000 0.000 1.000 0.000 1.000 0.000 1.000 0.000 1.000 0.000 1.000 0.000 1.000 0.000 1.000 0.000 1.000 0.000 1.000 0.000 1.000 0.000 1.000 0.000 1.000 0.000 1.000 0.000 1.000 0.227 1.000 0.000 0.000 0.000 0.000 0.000 0.000 0.000 0.000 0.000 0.000 0.000 0.000 0.000 0.000 0.000 0.000 0.059 1.000 0.000 0.000 0.000 0.000 0.000 0.000 0.000 0.000 "Smile_05 subtle"
"Confused_01" "_" 0.441 1.000 0.441 1.000 0.340 1.000 0.340 1.000 0.000 1.000 0.000 1.000 0.000 0.000 0.000 0.000 0.000 1.000 0.000 0.000 0.713 1.000 0.713 1.000 0.000 1.000 0.000 1.000 0.726 1.000 0.726 1.000 0.081 1.000 0.081 1.000 0.165 1.000 0.000 1.000 0.000 1.000 0.000 1.000 0.000 1.000 0.000 1.000 0.598 1.000 0.598 1.000 0.000 1.000 0.531 1.000 0.531 1.000 0.275 1.000 0.275 1.000 0.000 1.000 0.000 1.000 0.000 1.000 0.000 1.000 0.000 1.000 0.000 1.000 0.000 1.000 0.000 1.000 0.449 1.000 0.548 1.000 0.548 1.000 0.000 1.000 0.000 1.000 0.000 1.000 0.000 1.000 0.000 1.000 -0.019 1.000 0.000 1.000 0.000 1.000 0.000 1.000 0.000 0.000 "Confused_01"
"Smile_06" "_" 0.000 1.000 0.000 1.000 0.258 1.000 0.258 1.000 0.000 1.000 0.000 1.000 0.000 0.000 0.000 0.000 0.000 1.000 0.000 0.000 1.000 1.000 1.000 1.000 0.102 1.000 0.102 1.000 0.676 1.000 0.676 1.000 0.654 1.000 0.654 1.000 0.192 1.000 0.000 1.000 0.300 1.000 0.300 1.000 1.000 1.000 1.000 1.000 0.138 1.000 0.138 1.000 0.000 1.000 0.830 1.000 0.830 1.000 0.003 1.000 0.003 1.000 0.000 1.000 0.000 1.000 0.000 1.000 0.000 1.000 0.000 1.000 0.000 1.000 0.000 1.000 0.000 1.000 0.015 1.000 0.018 1.000 0.018 1.000 0.000 1.000 0.053 1.000 0.053 1.000 0.000 1.000 0.000 1.000 -0.010 1.000 0.000 1.000 0.000 1.000 0.000 1.000 0.000 0.000 "asdf"
"Worry_02" "_" 0.000 1.000 0.000 1.000 0.128 1.000 0.128 1.000 0.000 1.000 0.000 1.000 0.000 0.000 0.000 0.000 0.000 1.000 0.000 0.000 1.000 1.000 1.000 1.000 0.000 1.000 0.000 1.000 0.661 1.000 0.661 1.000 0.737 1.000 0.737 1.000 0.159 1.000 0.000 1.000 0.522 1.000 0.522 1.000 0.702 1.000 0.702 1.000 0.260 1.000 0.260 1.000 0.010 1.000 0.634 1.000 0.634 1.000 0.050 1.000 0.050 1.000 0.000 1.000 0.000 1.000 0.000 1.000 0.000 1.000 0.000 1.000 0.040 1.000 0.000 1.000 0.000 1.000 0.100 1.000 0.141 1.000 0.141 1.000 0.000 1.000 0.132 1.000 0.132 1.000 0.000 1.000 0.000 1.000 -0.007 1.000 0.000 1.000 0.000 1.000 0.000 1.000 0.000 0.000 "worry02"
"Suprise_01" "_" 0.750 1.000 0.750 1.000 0.316 1.000 0.316 1.000 0.002 1.000 0.002 1.000 1.000 1.000 1.000 1.000 0.000 1.000 0.000 0.000 0.160 1.000 0.160 1.000 0.380 1.000 0.380 1.000 0.830 1.000 0.830 1.000 0.905 1.000 0.905 1.000 0.001 1.000 0.000 1.000 0.082 1.000 0.082 1.000 0.009 1.000 0.009 1.000 0.456 1.000 0.456 1.000 0.067 1.000 1.000 1.000 1.000 1.000 0.000 1.000 0.000 1.000 0.000 1.000 0.000 1.000 0.018 1.000 0.018 1.000 0.000 1.000 0.000 1.000 0.000 1.000 0.010 1.000 0.720 1.000 0.060 1.000 0.060 1.000 0.000 1.000 0.007 1.000 0.007 1.000 0.000 1.000 0.000 1.000 -0.010 1.000 0.000 1.000 0.000 1.000 0.000 1.000 0.000 0.000 "Suprise_01"
"Smile_07" "_" 0.111 1.000 0.111 1.000 0.734 1.000 0.734 1.000 0.141 1.000 0.141 1.000 0.000 0.000 0.000 0.000 0.000 1.000 0.000 0.000 0.223 1.000 0.469 1.000 0.111 1.000 0.361 1.000 0.006 1.000 0.000 1.000 0.229 1.000 0.229 1.000 0.339 1.000 0.000 1.000 0.003 1.000 0.003 1.000 1.000 1.000 0.996 1.000 0.000 1.000 0.000 1.000 0.000 1.000 0.748 1.000 0.748 1.000 0.000 1.000 0.000 1.000 0.000 1.000 0.000 1.000 0.000 1.000 0.000 1.000 0.000 1.000 0.000 1.000 0.000 1.000 0.000 1.000 0.113 1.000 0.223 1.000 0.223 1.000 0.000 1.000 0.235 1.000 0.235 1.000 0.000 1.000 0.000 1.000 -0.483 1.000 -0.068 1.000 0.000 1.000 0.120 1.000 0.000 0.000 "smile smirk"
"Smile_smirk" "_" 0.000 1.000 0.000 1.000 0.306 1.000 0.306 1.000 0.165 1.000 0.165 1.000 0.000 0.000 0.000 0.000 0.000 1.000 0.000 0.000 0.341 1.000 0.341 1.000 0.215 1.000 0.215 1.000 0.000 1.000 0.000 1.000 0.377 1.000 0.374 1.000 0.000 1.000 0.000 1.000 0.000 1.000 0.000 1.000 0.858 1.000 0.980 1.000 0.055 1.000 0.055 1.000 0.000 1.000 0.000 1.000 0.000 1.000 0.000 1.000 0.000 1.000 0.000 1.000 0.000 1.000 0.000 1.000 0.000 1.000 0.000 1.000 0.000 1.000 0.000 1.000 0.000 1.000 0.008 1.000 0.014 1.000 0.014 1.000 0.000 1.000 0.274 1.000 0.274 1.000 0.000 1.000 0.000 1.000 -0.063 1.000 -0.054 1.000 0.000 1.000 0.078 1.000 0.000 0.000 "Smile_smirk"
"worry_asdf" "_" 0.000 1.000 0.000 1.000 0.000 1.000 0.000 1.000 0.000 0.000 0.000 0.000 0.000 1.000 0.000 1.000 0.000 0.000 0.000 0.000 0.621 1.000 0.621 1.000 0.000 1.000 0.000 1.000 0.411 1.000 0.403 1.000 0.250 1.000 0.250 1.000 0.160 1.000 0.000 0.000 0.000 1.000 0.000 1.000 0.000 1.000 0.000 1.000 0.725 1.000 0.725 1.000 0.233 1.000 0.000 1.000 0.000 1.000 0.000 1.000 0.000 1.000 0.000 0.000 0.000 0.000 0.000 0.000 0.000 0.000 0.000 0.000 0.000 0.000 0.000 0.000 0.896 1.000 0.000 1.000 0.000 1.000 0.000 1.000 0.000 0.000 0.000 1.000 0.000 1.000 0.000 0.000 0.000 0.000 0.007 1.000 0.000 0.000 0.000 0.000 0.000 0.000 0.000 0.000 "worry_asdf"
"worryagain" "_" 0.000 1.000 0.000 1.000 0.616 1.000 0.616 1.000 0.000 0.000 0.000 0.000 0.000 1.000 0.000 1.000 0.000 0.000 0.000 0.000 0.928 1.000 0.928 1.000 0.000 1.000 0.000 1.000 0.676 1.000 0.676 1.000 0.312 1.000 0.312 1.000 0.000 1.000 0.000 0.000 0.000 1.000 0.000 1.000 0.000 1.000 0.000 1.000 0.490 1.000 0.490 1.000 0.000 1.000 0.000 1.000 0.000 1.000 0.000 1.000 0.000 1.000 0.000 0.000 0.000 0.000 0.000 0.000 0.000 0.000 0.000 0.000 0.000 0.000 0.000 0.000 0.000 1.000 0.000 1.000 0.000 1.000 0.000 1.000 0.000 0.000 0.000 1.000 0.000 1.000 0.000 0.000 0.000 0.000 0.005 1.000 0.000 0.000 0.000 0.000 0.000 0.000 0.000 0.000 "worryagain"
$groupname "MG_Smiles" "smiles"
"shotgunsmile" "_" 0.000 0.000 0.000 0.000 0.000 0.000 0.000 0.000 0.000 1.000 0.000 1.000 0.000 0.000 0.000 0.000 0.000 0.000 0.000 0.000 0.450 1.000 0.443 1.000 0.774 1.000 0.790 1.000 0.350 1.000 0.350 1.000 0.000 1.000 0.574 1.000 0.000 1.000 0.000 0.000 0.000 1.000 0.000 1.000 0.849 1.000 0.868 1.000 0.000 0.000 0.000 0.000 0.000 1.000 0.478 1.000 0.478 1.000 0.000 0.000 0.000 0.000 0.000 0.000 0.000 0.000 0.000 0.000 0.000 0.000 0.000 0.000 0.000 0.000 0.000 0.000 0.000 1.000 0.000 0.000 0.000 0.000 0.000 0.000 0.000 0.000 0.000 1.000 0.000 1.000 0.000 0.000 0.000 0.000 -0.022 1.000 0.000 0.000 0.000 0.000 0.000 1.000 0.000 0.000 "shotgunsmile"
$group "MG_Smiles" "Smile_06" 100 "Smile_05" 100 "Smile_03" 100 "Smile_02" 100 "Smile_01" 100
